﻿Date,daily_vaccinated_per_hundred,NPIs (unvaccinated),NPIs (vaccinated),Stringency_index,New_total_cases,New_total_deaths,New_total_recovered,Infected,Daily_cases,Daily_deaths,Daily_recovered,Daily_cases_average,Daily_deaths_average,Daily_recovered_average,Total_population,Infected_average,people_fully_vaccinated_per_hundred,effectiveness_vaccine,people_protection_per_hundred,daily_protection_per_hundred
30/7/2021,0.12,0,0,35.19,29276,40,7997,21239,2280,3,827,1909.428571,1.714285714,673.2857143,9291000,21239,58.18,0.237635377,13.82562625,-0.006161594
31/7/2021,0.04,0,0,35.19,31951,44,8857,23050,2675,4,860,2088.571429,2.142857143,734.5714286,9291000,23050,58.22,0.237366277,13.81946465,-0.050623402
1/8/2021,0.03,0,0,35.19,33734,48,9608,24078,1783,4,751,2164.142857,2.428571429,796,9291000,24078,58.25,0.236374957,13.76884125,0.105279507
2/8/2021,0.04,0,0,35.19,37583,58,10818,26707,3849,10,1210,2419,3.714285714,941.4285714,9291000,26707,58.29,0.238018884,13.87412076,0.264852379
3/8/2021,0.03,0,0,35.19,40731,66,12301,28364,3148,8,1483,2555.142857,4.857142857,971.1428571,9291000,28364,58.32,0.242437811,14.13897313,0.444202188
4/8/2021,0.04,1,1,35.19,43699,74,13411,30214,2968,8,1110,2646.571429,5.857142857,1027,9291000,30214,58.36,0.249883059,14.58317532,0.43910391
5/8/2021,0.04,0,0,35.19,48134,80,14839,33215,4435,6,1428,3019.714286,6.142857143,1095.571429,9291000,33215,58.4,0.257230809,15.02227923,0.585804172
6/8/2021,0.02,0,0,35.19,51038,87,15823,35128,2904,7,984,3108.857143,6.714285714,1118,9291000,35128,58.42,0.267170205,15.6080834,0.228696596
7/8/2021,0,0,0,35.19,55259,106,17225,37928,4221,19,1402,3329.714286,8.857142857,1195.428571,9291000,37928,58.42,0.271084902,15.83678,0.033699035
8/8/2021,0.04,0,0,50.68,58415,113,18472,39830,3156,7,1247,3525.857143,9.285714286,1266.285714,9291000,39830,58.46,0.271475864,15.87047903,0.491963396
9/8/2021,0.03,0,0,50.68,64338,130,20520,43688,5923,17,2048,3822.142857,10.28571429,1386,9291000,43688,58.49,0.279747691,16.36244243,0.441722144
10/8/2021,0.03,0,0,50.68,68502,142,22703,45657,4164,12,2183,3967.285714,10.85714286,1486,9291000,45657,58.52,0.287152505,16.80416458,0.472816642
11/8/2021,0.04,0,0,50.68,76170,158,25015,50997,7668,16,2312,4638.714286,12,1657.714286,9291000,50997,58.56,0.295030417,17.27698122,0.379439449
12/8/2021,0.03,0,0,50.67,82695,175,26821,55699,6525,17,1806,4937.285714,13.57142857,1711.714286,9291000,55699,58.59,0.301355533,17.65642067,0.369120346
13/8/2021,0.02,0,0,50.67,87207,182,29094,57931,4512,7,2273,5167,13.57142857,1895.857143,9291000,57931,58.61,0.307550606,18.02554101,0.247256149
14/8/2021,0.01,0,0,50.67,92829,193,31758,60878,5622,11,2664,5367.142857,12.42857143,2076.142857,9291000,60878,58.62,0.311716089,18.27279716,0.147591142
15/8/2021,0.05,0,0,50.67,97293,239,33495,63559,4464,46,1737,5554,18,2146.142857,9291000,63559,58.67,0.313966053,18.4203883,0.64205334
16/8/2021,0.05,0,0,50.66,105991,258,37325,68408,8698,19,3830,5950.428571,18.28571429,2400.714286,9291000,68408,58.72,0.324632862,19.06244164,0.591229948
17/8/2021,0.06,0,0,50.66,114243,275,40456,73512,8252,17,3131,6534.428571,19,2536.142857,9291000,73512,58.78,0.334359843,19.65367159,0.5606587
18/8/2021,0.05,1,1,54.36,120126,294,43405,76427,5883,19,2949,6279.428571,19.42857143,2627.142857,9291000,76427,58.83,0.343605818,20.21433029,0.437336791
19/8/2021,0.05,0,0,54.36,128539,323,47811,80405,8413,29,4406,6549.142857,21.14285714,2998.571429,9291000,80405,58.88,0.350741628,20.65166708,0.418252805
20/8/2021,0.03,0,0,54.35,136145,330,50708,85107,7606,7,2897,6991.142857,21.14285714,3087.714286,9291000,85107,58.91,0.357662874,21.06991989,0.39022338
21/8/2021,0.02,0,0,54.35,143422,346,54913,88163,7277,16,4205,7227.571429,21.85714286,3307.857143,9291000,88163,58.93,0.3641633,21.46014327,0.2108382
22/8/2021,0.05,0,0,54.35,148457,401,58014,90042,5035,55,3101,7309.142857,23.14285714,3502.714286,9291000,90042,58.98,0.367429323,21.67098147,0.702999899
23/8/2021,0.05,0,0,54.34,157043,427,63911,92705,8586,26,5897,7293.142857,24.14285714,3798,9291000,92705,59.03,0.379027297,22.37398136,0.604305391
24/8/2021,0.05,0,0,54.34,169156,451,68051,100654,12113,24,4140,7844.714286,25.14285714,3942.142857,9291000,100654,59.08,0.388935118,22.97828676,0.635530957
25/8/2021,0.05,0,0,54.33,175758,479,75691,99588,6602,28,7640,7947.428571,26.42857143,4612.285714,9291000,99588,59.13,0.399354265,23.61381771,0.642946342
26/8/2021,0.05,0,0,54.33,186204,508,82187,103509,10446,29,6496,8237.857143,26.42857143,4910.857143,9291000,103509,59.18,0.409881109,24.25676406,0.720811362
27/8/2021,0.03,0,0,54.33,192556,518,86689,105349,6352,10,4502,8058.714286,26.85714286,5140.142857,9291000,105349,59.21,0.421847246,24.97757542,0.387459511
28/8/2021,0.02,0,0,54.33,203733,521,92308,110904,11177,3,5619,8615.857143,25,5342.142857,9291000,110904,59.23,0.428246411,25.36503493,0.128453846
29/8/2021,0.06,0,0,54.32,209542,560,96733,112249,5809,39,4425,8726.428571,22.71428571,5531.285714,9291000,112249,59.29,0.429979571,25.49348877,0.482463351
30/8/2021,0.08,0,0,54.31,219421,614,105377,113430,9879,54,8644,8911.142857,26.71428571,5923.714286,9291000,113430,59.37,0.437526564,25.97595213,0.77302903
31/8/2021,0.07,0,0,54.31,224285,614,113629,110042,4864,0,8252,7875.571429,23.28571429,6511.142857,9291000,110042,59.44,0.450016507,26.74898116,0.76073974
1/9/2021,0.06,1,0,54.3,240914,657,119469,120788,16629,43,5840,9308,25.42857143,6254,9291000,120788,59.5,0.46234825,27.5097209,0.728265165
2/9/2021,0.08,0,0,54.3,254814,693,127846,126275,13900,36,8377,9801.428571,26.42857143,6522.714286,9291000,126275,59.58,0.473950756,28.23798606,0.798494973
3/9/2021,0.04,0,0,54.29,262904,700,135445,126759,8090,7,7599,10049.71429,26,6965.142857,9291000,126759,59.62,0.487025848,29.03648103,0.405716442
4/9/2021,0.03,0,0,54.29,270897,725,142697,127475,7993,25,7252,9594.857143,29.14285714,7198.428571,9291000,127475,59.65,0.493582523,29.44219748,0.094433492
5/9/2021,0.07,0,0,54.29,275529,776,147681,127072,4632,51,4984,9426.714286,30.85714286,7278.285714,9291000,127072,59.72,0.494585247,29.53663097,0.563265999
6/9/2021,0.02,0,0,54.28,275529,776,156267,118486,0,0,8586,8015.428571,23.14285714,7270,9291000,118486,59.74,0.503848292,30.09989697,0.152616216
7/9/2021,0.01,0,0,54.28,275529,776,168380,106373,0,0,12113,7320.571429,23.14285714,7821.571429,9291000,106373,59.75,0.506318212,30.25251318,-0.012484384
8/9/2021,0.02,0,0,54.28,297820,832,174926,122062,22291,56,6546,8129.428571,25,7922.428571,9291000,122062,59.77,0.505939916,30.2400288,-0.071634821
9/9/2021,0.13,0,0,54.27,303865,884,185320,117661,6045,52,10394,7007.285714,27.28571429,8210.571429,9291000,117661,59.9,0.503645976,30.16839398,0.558873789
10/9/2021,0.06,0,0,54.27,312219,892,191664,119663,8354,8,6344,7045,27.42857143,8031.285714,9291000,119663,59.96,0.512462771,30.72726777,0.261725342
11/9/2021,0.02,0,0,54.26,323615,909,202824,119882,11396,17,11160,7531.142857,26.28571429,8589.571429,9291000,119882,59.98,0.516655437,30.98899311,0.039942923
12/9/2021,0.1,0,0,54.26,330186,954,208588,120644,6571,45,5764,7808.142857,25.42857143,8701,9291000,120644,60.08,0.51646032,31.02893603,0.405865566
13/9/2021,0.08,0,0,54.25,341986,977,218444,122565,11800,23,9856,9493.857143,28.71428571,8882.428571,9291000,122565,60.16,0.522519973,31.4348016,0.332405929
14/9/2021,0.08,0,0,54.24,352716,1009,223276,128431,10730,32,4832,11026.71429,33.28571429,7842.285714,9291000,128431,60.24,0.527344082,31.76720753,0.358413325
15/9/2021,0.03,0,0,54.24,360145,1023,239891,119231,7429,14,16615,8903.571429,27.28571429,9280.714286,9291000,119231,60.27,0.533028386,32.12562085,0.083512402
16/9/2021,0.01,0,0,54.24,366336,1036,253778,111522,6191,13,13887,8924.428571,21.71428571,9779.714286,9291000,111522,60.28,0.534325369,32.20913325,-0.087465312
17/9/2021,0.07,0,0,54.23,369376,1065,261839,106472,3040,29,8061,8165.285714,24.71428571,10025,9291000,106472,60.35,0.532256304,32.12166794,0.311484524
18/9/2021,0.04,0,0,54.23,378330,1082,269815,107433,8954,17,7976,7816.428571,24.71428571,9570.142857,9291000,107433,60.39,0.53706164,32.43315247,0.049697261
19/9/2021,0.11,0,0,54.22,386062,1112,274417,110533,7732,30,4602,7982.285714,22.57142857,9404.142857,9291000,110533,60.5,0.536906607,32.48284973,0.343096753
20/9/2021,0.05,0,0,54.22,392997,1126,274403,117468,6935,14,-14,7287.285714,21.28571429,7994.142857,9291000,117468,60.55,0.542129587,32.82594648,0.11343999
21/9/2021,0.02,0,0,54.21,400195,1138,274391,124666,7198,12,-12,6782.714286,18.42857143,7302.142857,9291000,124666,60.57,0.543823452,32.93938647,-0.037968061
22/9/2021,0.08,0,0,54.21,405566,1163,296657,107746,5371,25,22266,6488.714286,20,8109.428571,9291000,107746,60.65,0.542480106,32.90141841,0.148124622
23/9/2021,0.06,0,0,54.2,412284,1182,302683,108419,6718,19,6026,6564,20.85714286,6986.428571,9291000,108419,60.71,0.544383842,33.04954303,0.155601809
24/9/2021,0.05,0,0,54.2,414533,1182,311037,102314,2249,0,8354,6451,16.71428571,7028.285714,9291000,102314,60.76,0.546496788,33.20514484,0.165205862
25/9/2021,0.02,0,0,54.2,420878,1220,322395,97263,6345,38,11358,6078.285714,19.71428571,7511.428571,9291000,97263,60.78,0.549035056,33.3703507,-0.006189579
26/9/2021,0.07,0,0,54.19,424139,1246,328940,93953,3261,26,6545,5439.571429,19.14285714,7789,9291000,93953,60.85,0.548301744,33.36416112,0.242340423
27/9/2021,0.05,0,0,54.19,428163,1255,340731,86177,4024,9,11791,5023.714286,18.42857143,9475.428571,9291000,86177,60.9,0.551830896,33.60650154,0.223172498
28/9/2021,0.01,0,0,54.19,432328,1263,351453,79612,4165,8,10722,4590.428571,17.85714286,11008.85714,9291000,79612,60.91,0.555404269,33.82967404,-0.063294795
29/9/2021,0.09,0,0,54.18,435203,1303,358842,75058,2875,40,7389,4233.857143,20,8883.571429,9291000,75058,61,0.553547201,33.76637925,0.340558327
29/10/2021,0.09,0,0,54.17,440151,1332,365004,73815,4948,29,6162,3981,21.42857143,8903,9291000,73815,61.09,0.558306393,34.10693758,0.541614469
1/10/2021,0.04,0,0,54.17,443503,1337,368039,74127,3352,5,3035,4138.571429,22.14285714,8143.142857,9291000,74127,61.13,0.566801113,34.64855204,0.285403643
2/10/2021,0.03,0,0,54.17,445910,1349,376981,67580,2407,12,8942,3576,18.42857143,7798,9291000,67580,61.16,0.571189596,34.93395569,0.001753879
3/10/2021,0.07,0,1,54.16,448062,1392,384670,62000,2152,43,7689,3417.571429,20.85714286,7961.428571,9291000,62000,61.23,0.570565239,34.93570957,0.492688975
4/10/2021,0.08,0,0,54.15,451431,1414,391583,58434,3369,22,6913,3324,22.71428571,7264.571429,9291000,58434,61.31,0.57785677,35.42839854,0.333232292
5/10/2021,0.05,0,0,54.15,454276,1426,398769,54081,2845,12,7186,3135.428571,23.28571429,6759.428571,9291000,54081,61.36,0.582816669,35.76163083,0.252131559
6/10/2021,0.05,0,0,54.14,456522,1433,404133,50956,2246,7,5364,3045.571429,18.57142857,6470.142857,9291000,50956,61.41,0.586447849,36.01376239,0.224616463
7/10/2021,0.04,0,0,54.14,458901,1453,410831,46617,2379,20,6698,2678.571429,17.28571429,6546.714286,9291000,46617,61.45,0.589721381,36.23837886,0.220441721
8/10/2021,0.03,0,0,54.14,460710,1456,413077,46177,1809,3,2246,2458.142857,17,6434,9291000,46177,61.48,0.593019203,36.45882058,0.126797186
9/10/2021,0.02,0,0,54.14,462289,1468,419410,41411,1579,12,6333,2339.857143,17,6061.285714,9291000,41411,61.5,0.594888094,36.58561776,-0.031027872
10/10/2021,0.04,0,0,54.13,463644,1491,422648,39505,1355,23,3238,2226,14.14285714,5425.428571,9291000,39505,61.54,0.593997236,36.55458989,0.115547646
11/10/2021,0.03,0,0,54.13,465803,1511,426652,37640,2159,20,4004,2053.142857,13.85714286,5009.857143,9291000,37640,61.57,0.595584498,36.67013753,0.09681845
12/10/2021,0.03,0,0,54.13,467671,1523,430805,35343,1868,12,4153,1913.571429,13.85714286,4576.571429,9291000,35343,61.6,0.596866169,36.76695599,0.05153637
13/10/2021,0.03,0,0,54.13,469228,1530,433673,34025,1557,7,2868,1815.142857,13.85714286,4220,9291000,34025,61.63,0.597411851,36.81849236,0.038044347
14/10/2021,0.02,0,0,54.12,470841,1543,438608,30690,1613,13,4935,1705.714286,12.85714286,3968.142857,9291000,30690,61.65,0.597835145,36.8565367,0.054783889
15/10/2021,0.02,0,0,54.12,472146,1547,441956,28643,1305,4,3348,1633.714286,13,4125.571429,9291000,28643,61.67,0.598529603,36.91132059,0.025247827
16/10/2021,0.01,0,0,54.12,473250,1554,444356,27340,1104,7,2400,1565.857143,12.28571429,3563.714286,9291000,27340,61.68,0.5988419,36.93656842,-0.031297111
17/10/2021,0.03,0,0,54.12,474250,1570,446492,26188,1000,16,2136,1515.142857,11.28571429,3406.285714,9291000,26188,61.71,0.598043612,36.90527131,0.029885371
18/10/2021,0.02,0,0,54.12,475691,1581,449850,24260,1441,11,3358,1412.571429,10,3314,9291000,24260,61.73,0.598333982,36.93515668,0.006116682
19/10/2021,0.01,0,0,54.12,476934,1592,452684,22658,1243,11,2834,1323.285714,9.857142857,3125.571429,9291000,22658,61.74,0.598336141,36.94127336,0.002049
20/10/2021,0.03,0,0,54.11,477835,1600,454922,21313,901,8,2238,1229.571429,10,3035.571429,9291000,21313,61.77,0.598078717,36.94332236,0.026063943
21/10/2021,0.03,0,0,54.11,478895,1607,457294,19994,1060,7,2372,1150.571429,9.142857143,2669.428571,9291000,19994,61.8,0.598210134,36.9693863,0.036825942
22/10/2021,0.02,0,0,54.11,479827,1610,459100,19117,932,3,1806,1097.285714,9,2449.142857,9291000,19117,61.82,0.598612298,37.00621225,-0.000967248
23/10/2021,0.01,0,0,54.11,480328,1617,460672,18039,501,7,1572,1011.142857,9,2330.857143,9291000,18039,61.83,0.598499838,37.005245,-0.073684445
24/10/2021,0.03,0,0,54.11,481012,1620,462024,17368,684,3,1352,966,7.142857143,2218.857143,9291000,17368,61.86,0.597018438,36.93156055,0.005704083
25/10/2021,0.03,0,0,54.1,481973,1633,464170,16170,961,13,2146,897.4285714,7.428571429,2045.714286,9291000,16170,61.89,0.596821209,36.93726464,-0.01130572
26/10/2021,0.02,0,0,54.1,482830,1634,466037,15159,857,1,1867,842.2857143,6,1907.571429,9291000,15159,61.91,0.596445791,36.92595892,-0.004446362
27/10/2021,0.03,0,0,54.1,483429,1644,467584,14201,599,10,1547,799.1428571,6.285714286,1808.857143,9291000,14201,61.94,0.596085124,36.92151255,0.006044269
28/10/2021,0.03,0,0,54.1,484104,1652,469189,13263,675,8,1605,744.1428571,6.428571429,1699.285714,9291000,13263,61.97,0.595894091,36.92755682,-0.005489729
29/10/2021,0.01,0,0,54.1,484675,1656,470490,12529,571,4,1301,692.5714286,6.571428571,1627.142857,9291000,12529,61.98,0.595709376,36.92206709,0