﻿Date,daily_vaccinated_per_hundred,NPIs (unvaccinated),NPIs (vaccinated),Stringency_index,Total_cases,Total_deaths,Total_recovered,Infected,Daily_cases,Daily_deaths,Daily_recovered,Daily_cases_average,Daily_deaths_average,Daily_recovered_average,Total_population,Infected_average,people_fully_vaccinated_per_hundred
1/7/2021,0.41,0,0,41.67,423185,12710,404543,5932,729,4,508,104.1428571,0.571428571,72.57142857,10445365,847.4285714,36.68
2/7/2021,0.45,0,0,41.67,424165,12722,404984,6459,980,12,441,244.1428571,1.333333333,135.5714286,10445365,1770.142857,37.13
3/7/2021,0.37,0,0,41.67,425347,12731,405364,7252,1182,9,380,413,2.083333333,189.8571429,10445365,2806.142857,37.5
4/7/2021,0.49,0,0,41.67,425964,12737,405605,7622,617,6,241,501.1428571,2.583333333,224.2857143,10445365,3895,37.99
5/7/2021,0.48,0,0,41.67,426963,12743,405805,8415,999,6,200,643.8571429,5.285714286,252.8571429,10445365,5097.142857,38.47
6/7/2021,0.38,1,1,54.17,429144,12754,406189,10201,2181,11,384,955.4285714,6.857142857,307.7142857,10445365,6554.428571,38.85
7/7/2021,0.46,0,0,54.17,430960,12763,406692,11505,1816,9,503,1214.857143,8.142857143,379.5714286,10445365,8198,39.31
8/7/2021,0.44,0,0,54.17,433021,12773,407136,13112,2061,10,444,1405.142857,9,370.4285714,10445365,9223.714286,39.75
9/7/2021,0.48,0,0,54.17,435018,12785,407510,14723,1997,12,374,1550.428571,9,360.8571429,10445365,10404.28571,40.23
10/7/2021,0.51,0,0,54.17,437345,12787,407883,16675,2327,2,373,1714,8,359.8571429,10445365,11750.42857,40.74
11/7/2021,0.03,0,0,54.17,438809,12792,408113,17904,1464,5,230,1835,7.857142857,358.2857143,10445365,13219.28571,40.77
12/7/2021,0.7,0,0,54.17,440872,12802,408464,19606,2063,10,351,1987,8.428571429,379.8571429,10445365,14818,41.47
13/7/2021,0.54,1,2,57.87,444783,12806,409023,22954,3911,4,559,2234.142857,7.428571429,404.8571429,10445365,16639.85714,42.01
14/7/2021,0.48,0,0,57.87,447718,12813,409643,25262,2935,7,620,2394,7.142857143,421.5714286,10445365,18605.14286,42.49
15/7/2021,0.46,0,0,57.87,450512,12819,410366,27327,2794,6,723,2498.714286,6.571428571,461.4285714,10445365,20635.85714,42.95
16/7/2021,0.46,0,0,57.87,453200,12833,411332,29035,2688,14,966,2597.428571,6.857142857,546,10445365,22680.42857,43.41
17/7/2021,0.5,0,0,57.87,455754,12840,412507,30407,2554,7,1175,2629.857143,7.571428571,660.5714286,10445365,24642.14286,43.91
18/7/2021,0.04,0,0,57.87,457312,12850,413114,31348,1558,10,607,2643.285714,8.285714286,714.4285714,10445365,26562.71429,43.95
19/7/2021,0.52,0,0,57.87,459146,12858,414105,32183,1834,8,991,2610.571429,8,805.8571429,10445365,28359.42857,44.47
20/7/2021,0.43,1,2,66.2,463473,12867,416277,34329,4327,9,2172,2670,8.714285714,1036.285714,10445365,29984.42857,44.9
21/7/2021,0.43,0,0,66.2,466441,12870,418090,35481,2968,3,1813,2674.714286,8.142857143,1206.714286,10445365,31444.28571,45.33
22/7/2021,0.51,0,0,66.2,469042,12875,420146,36021,2601,5,2056,2647.142857,8,1397.142857,10445365,32686.28571,45.84
23/7/2021,0.41,0,0,66.2,471894,12882,422136,36876,2852,7,1990,2670.571429,7,1543.428571,10445365,33806.42857,46.25
24/7/2021,0.48,0,0,66.2,474366,12890,424455,37021,2472,8,2319,2658.857143,7.142857143,1706.857143,10445365,34751.28571,46.73
25/7/2021,0.01,0,0,66.2,475919,12898,425911,37110,1553,8,1456,2658.142857,6.857142857,1828.142857,10445365,35574.42857,46.74
26/7/2021,0.58,0,0,66.2,477975,12903,427969,37103,2056,5,2058,2689.857143,6.428571429,1980.571429,10445365,36277.28571,47.32
27/7/2021,0.49,0,0,66.2,482145,12911,431872,37362,4170,8,3903,2667.428571,6.285714286,2227.857143,10445365,36710.57143,47.81
28/7/2021,0.39,0,0,66.2,485015,12926,434792,37297,2870,15,2920,2653.428571,8,2386,10445365,36970,48.2
29/7/2021,0.39,0,0,66.2,487709,12935,437577,37197,2694,9,2785,2666.714286,8.571428571,2490.142857,10445365,37138,48.59
30/7/2021,0.41,0,0,66.2,490552,12948,440252,37352,2843,13,2675,2665.428571,9.428571429,2588,10445365,37206,49
31/7/2021,0.45,0,0,66.2,493304,12965,442789,37550,2752,17,2537,2705.428571,10.71428571,2619.142857,10445365,37281.57143,49.45
1/8/2021,0.02,0,0,66.2,494907,12975,444337,37595,1603,10,1548,2712.571429,11,2632.285714,10445365,37350.85714,49.47
2/8/2021,0.3,0,0,66.2,497061,12983,446163,37915,2154,8,1826,2726.571429,11.42857143,2599.142857,10445365,37466.85714,49.77
3/8/2021,0.32,1,2,67.12,501030,12997,450476,37557,3969,14,4313,2697.857143,12.28571429,2657.714286,10445365,37494.71429,50.09
4/8/2021,0.29,0,0,67.09,503885,13013,453428,37444,2855,16,2952,2695.714286,12.42857143,2662.285714,10445365,37515.71429,50.38
5/8/2021,0.3,0,0,67.07,506672,13026,456016,37630,2787,13,2588,2709,13,2634.142857,10445365,37577.57143,50.68
6/8/2021,0.3,0,0,67.04,509596,13048,458846,37702,2924,22,2830,2720.571429,14.28571429,2656.285714,10445365,37627.57143,50.98
7/8/2021,0.34,0,0,67.01,512342,13058,461308,37976,2746,10,2462,2719.714286,13.28571429,2645.571429,10445365,37688.42857,51.32
8/8/2021,0.01,0,0,67.01,514192,13075,462844,38273,1850,17,1536,2755,14.28571429,2643.857143,10445365,37785.28571,51.33
9/8/2021,0.29,0,0,66.98,516785,13097,464878,38810,2593,22,2034,2817.714286,16.28571429,2673.571429,10445365,37913.14286,51.62
10/8/2021,0.24,0,0,72.51,521399,13118,469027,39254,4614,21,4149,2909.857143,17.28571429,2650.142857,10445365,38155.57143,51.86
11/8/2021,0.24,0,0,72.49,524871,13138,471877,39856,3472,20,2850,2998,17.85714286,2635.571429,10445365,38500.14286,52.1
12/8/2021,0.23,0,0,72.47,528474,13158,474551,40765,3603,20,2674,3114.571429,18.85714286,2647.857143,10445365,38948,52.33
13/8/2021,0.21,0,0,72.45,531967,13182,477370,41415,3493,24,2819,3195.857143,19.14285714,2646.285714,10445365,39478.42857,52.54
14/8/2021,0.16,0,0,72.44,535237,13206,480098,41933,3270,24,2728,3270.714286,21.14285714,2684.285714,10445365,40043.71429,52.7
15/8/2021,0,0,0,72.44,537125,13223,481684,42218,1888,17,1586,3276.142857,21.14285714,2691.428571,10445365,40607.28571,52.7
16/8/2021,0.19,0,2,72.42,539337,13237,483824,42276,2212,14,2140,3221.714286,20,2706.571429,10445365,41102.42857,52.89
17/8/2021,0.19,0,0,72.4,543749,13253,487777,42719,4412,16,3953,3192.857143,19.28571429,2678.571429,10445365,41597.42857,53.08
18/8/2021,0.19,0,0,72.38,547186,13278,490607,43301,3437,25,2830,3187.857143,20,2675.714286,10445365,42089.57143,53.27
19/8/2021,0.15,0,0,72.37,550459,13298,493374,43787,3273,20,2767,3140.714286,20,2689,10445365,42521.28571,53.42
20/8/2021,0.17,0,0,72.35,554055,13328,496268,44459,3596,30,2894,3155.428571,20.85714286,2699.714286,10445365,42956.14286,53.59
21/8/2021,0.16,0,0,72.34,557239,13351,498991,44897,3184,23,2723,3143.142857,20.71428571,2699,10445365,43379.57143,53.75
22/8/2021,0,0,0,72.34,559186,13384,500808,44994,1947,33,1817,3151.571429,23,2732,10445365,43776.14286,53.75
23/8/2021,0.2,0,0,72.32,561812,13422,503363,45027,2626,38,2555,3210.714286,26.42857143,2791.285714,10445365,44169.14286,53.95
24/8/2021,0.16,0,0,74.16,566812,13466,507933,45413,5000,44,4570,3294.714286,30.42857143,2879.428571,10445365,44554,54.11
25/8/2021,0.15,0,0,74.15,570077,13509,511362,45206,3265,43,3429,3270.142857,33,2965,10445365,44826.14286,54.26
26/8/2021,0.14,0,0,74.13,573605,13539,514935,45131,3528,30,3573,3306.571429,34.42857143,3080.142857,10445365,45018.14286,54.4
27/8/2021,0.14,0,0,74.12,576672,13561,518406,44705,3067,22,3471,3231,33.28571429,3162.571429,10445365,45053.28571,54.54
28/8/2021,0.15,0,0,74.11,579734,13599,521638,44497,3062,38,3232,3213.571429,35.42857143,3235.285714,10445365,44996.14286,54.69
29/8/2021,0,0,0,74.11,581315,13636,523489,44190,1581,37,1851,3161.285714,36,3240.142857,10445365,44881.28571,54.69
30/8/2021,0.13,0,0,74.09,583658,13656,525681,44321,2343,20,2192,3120.857143,33.42857143,3188.285714,10445365,44780.42857,54.82
31/8/2021,0.11,0,0,74.08,587964,13691,530058,44215,4306,35,4377,3021.714286,32.14285714,3160.714286,10445365,44609.28571,54.93
1/9/2021,0.1,0,0,74.07,590832,13743,533443,43646,2868,52,3385,2965,33.42857143,3154.428571,10445365,44386.42857,55.03
2/9/2021,0.09,0,0,74.07,593668,13777,536682,43209,2836,34,3239,2866.142857,34,3106.714286,10445365,44111.85714,55.12
3/9/2021,0.09,0,0,74.06,596383,13813,540242,42328,2715,36,3560,2815.857143,36,3119.428571,10445365,43772.28571,55.21
4/9/2021,0.09,0,0,74.05,598667,13843,543396,41428,2284,30,3154,2704.714286,34.85714286,3108.285714,10445365,43333.85714,55.3
5/9/2021,0,0,0,74.05,599951,13886,545300,40765,1284,43,1904,2662.285714,35.71428571,3115.857143,10445365,42844.57143,55.3
6/9/2021,0.12,0,0,74.04,601716,13933,547879,39904,1765,47,2579,2579.714286,39.57142857,3171.142857,10445365,42213.57143,55.42
7/9/2021,0.1,0,0,74.03,605158,13971,552841,38346,3442,38,4962,2456.285714,40,3254.714286,10445365,41375.14286,55.52
8/9/2021,0.1,0,0,74.02,607356,14014,556063,37279,2198,43,3222,2360.571429,38.71428571,3231.428571,10445365,40465.57143,55.62
9/9/2021,0.1,0,0,74.01,609519,14060,559545,35914,2163,46,3482,2264.428571,40.42857143,3266.142857,10445365,39423.42857,55.72
10/9/2021,0.12,0,0,74,611648,14102,562570,34976,2129,42,3025,2180.714286,41.28571429,3189.714286,10445365,38373.14286,55.84
11/9/2021,0.12,0,0,73.99,613838,14141,565593,34104,2190,39,3023,2167.285714,42.57142857,3171,10445365,37326.85714,55.96
12/9/2021,0,0,0,73.99,615157,14169,567146,33842,1319,28,1553,2172.285714,40.42857143,3120.857143,10445365,36337.85714,55.96
13/9/2021,0.12,0,0,73.98,616765,14223,569435,33107,1608,54,2289,2149.857143,41.42857143,3079.428571,10445365,35366.85714,56.08
14/9/2021,0.12,0,0,73.97,620355,14268,573696,32391,3590,45,4261,2171,42.42857143,2979.285714,10445365,34516.14286,56.2
15/9/2021,0.16,0,0,73.95,622761,14311,576521,31929,2406,43,2825,2200.714286,42.42857143,2922.571429,10445365,33751.85714,56.36
16/9/2021,0.14,0,0,73.94,625083,14354,579314,31415,2322,43,2793,2223.428571,42,2824.142857,10445365,33109.14286,56.5
17/9/2021,0.17,0,0,73.92,627314,14394,581989,30931,2231,40,2675,2238,41.71428571,2774.142857,10445365,32531.28571,56.67
18/9/2021,0.19,2,2,71.51,629498,14433,584234,30831,2184,39,2245,2237.142857,41.71428571,2663,10445365,32063.71429,56.86
19/9/2021,0.01,0,0,71.51,630784,14466,585485,30833,1286,33,1251,2232.428571,42.42857143,2619.857143,10445365,31633.85714,56.87
20/9/2021,0.18,0,0,71.5,632908,14505,587211,31192,2124,39,1726,2306.142857,40.28571429,2539.428571,10445365,31360.28571,57.05
21/9/2021,0.16,0,0,71.49,636596,14548,590610,31438,3688,43,3399,2320.142857,40,2416.285714,10445365,31224.14286,57.21
22/9/2021,0.18,0,0,71.49,638921,14575,592781,31565,2325,27,2171,2308.571429,37.71428571,2322.857143,10445365,31172.14286,57.39
23/9/2021,0.16,0,0,71.48,641022,14606,594913,31503,2101,31,2132,2277,36,2228.428571,10445365,31184.71429,57.55
24/9/2021,0.2,0,0,71.47,643055,14639,597009,31407,2033,33,2096,2248.714286,35,2145.714286,10445365,31252.71429,57.75
25/9/2021,0.21,0,0,71.47,644869,14655,599183,31031,1814,16,2174,2195.857143,31.71428571,2135.571429,10445365,31281.28571,57.96
26/9/2021,0.02,0,0,71.46,645969,14679,600478,30812,1100,24,1295,2169.285714,30.42857143,2141.857143,10445365,31278.28571,57.98
27/9/2021,0.16,0,0,71.46,648091,14727,602038,31326,2122,48,1560,2169,31.71428571,2118.142857,10445365,31297.42857,58.14
28/9/2021,0.16,0,0,71.45,651378,14751,605604,31023,3287,24,3566,2111.714286,29,2142,10445365,31238.14286,58.3
29/9/2021,0.17,0,0,71.45,653535,14795,607966,30774,2157,44,2362,2087.714286,31.42857143,2169.285714,10445365,31125.14286,58.47
30/9/2021,0.15,0,0,71.44,655767,14828,610255,30684,2232,33,2289,2106.428571,31.71428571,2191.714286,10445365,31008.14286,58.62
1/10/2021,0.16,0,0,71.44,658368,14860,612454,31054,2601,32,2199,2187.571429,31.57142857,2206.428571,10445365,30957.71429,58.78
2/10/2021,0.18,0,0,71.43,660166,14889,614609,30668,1798,29,2155,2185.285714,33.42857143,2203.714286,10445365,30905.85714,58.96
3/10/2021,0.01,0,0,71.43,661308,14920,615864,30524,1142,31,1255,2191.285714,34.42857143,2198,10445365,30864.71429,58.97
4/10/2021,0.15,0,0,71.42,663433,14956,617952,30525,2125,36,2088,2191.714286,32.71428571,2273.428571,10445365,30750.28571,59.12
5/10/2021,0.14,0,0,71.42,666517,14991,621605,29921,3084,35,3653,2162.714286,34.28571429,2285.857143,10445365,30592.85714,59.26
6/10/2021,0.13,0,0,71.41,668811,15012,623909,29890,2294,21,2304,2182.285714,31,2277.571429,10445365,30466.57143,59.39
7/10/2021,0.12,0,0,71.41,671040,15042,625980,30018,2229,30,2071,2181.857143,30.57142857,2246.428571,10445365,30371.42857,59.51
8/10/2021,0.13,0,0,71.4,673317,15069,627986,30262,2277,27,2006,2135.571429,29.85714286,2218.857143,10445365,30258.28571,59.64
9/10/2021,0.13,2,0,71.4,675479,15105,629764,30610,2162,36,1778,2187.571429,30.85714286,2165,10445365,30250,59.77
10/10/2021,0.01,0,0,71.4,676799,15135,630834,30830,1320,30,1070,2213,30.71428571,2138.571429,10445365,30293.71429,59.78
11/10/2021,0.11,0,0,71.39,679157,15177,632914,31066,2358,42,2080,2246.285714,31.57142857,2137.428571,10445365,30371,59.89
12/10/2021,0.09,0,0,71.39,682394,15210,636168,31016,3237,33,3254,2268.142857,31.28571429,2080.428571,10445365,30527.42857,59.98
13/10/2021,0.09,0,0,71.39,684706,15241,638294,31171,2312,31,2126,2270.714286,32.71428571,2055,10445365,30710.42857,60.07
14/10/2021,0.07,0,0,71.38,687278,15289,640478,31511,2572,48,2184,2319.714286,35.28571429,2071.142857,10445365,30923.71429,60.14
15/10/2021,0.09,0,0,71.38,689896,15317,643051,31528,2618,28,2573,2368.428571,35.42857143,2152.142857,10445365,31104.57143,60.23