﻿Date,people_fully_vaccinated_per_hundred,total_boosters_per_hundred,daily_vaccinated_per_hundred,daily_boosters_per_hundred
18/1/2021,0,0,0,0
19/1/2021,0.01,0,0.01,0
20/1/2021,0.02,0,0.01,0
21/1/2021,0.02,0,0,0
22/1/2021,0.02,0,0,0
23/1/2021,0.03,0,0.01,0
24/1/2021,0.05,0,0.02,0
25/1/2021,0.08,0,0.03,0
26/1/2021,0.13,0,0.05,0
27/1/2021,0.17,0,0.04,0
28/1/2021,0.23,0,0.06,0
29/1/2021,0.31,0,0.08,0
30/1/2021,0.37,0,0.06,0
31/1/2021,0.41,0,0.04,0
1/2/2021,0.45,0,0.04,0
2/2/2021,0.52,0,0.07,0
3/2/2021,0.59,0,0.07,0
4/2/2021,0.66,0,0.07,0
5/2/2021,0.71,0,0.05,0
6/2/2021,0.76,0,0.05,0
7/2/2021,0.78,0,0.02,0
8/2/2021,0.81,0,0.03,0
9/2/2021,0.89,0,0.08,0
10/2/2021,1.02,0,0.13,0
11/2/2021,1.16,0,0.14,0
12/2/2021,1.33,0,0.17,0
13/2/2021,1.48,0,0.15,0
14/2/2021,1.55,0,0.07,0
15/2/2021,1.62,0,0.07,0
16/2/2021,1.7,0,0.08,0
17/2/2021,1.83,0,0.13,0
18/2/2021,1.95,0,0.12,0
19/2/2021,2.06,0,0.11,0
20/2/2021,2.18,0,0.12,0
21/2/2021,2.2,0,0.02,0
22/2/2021,2.33,0,0.13,0
23/2/2021,2.46,0,0.13,0
24/2/2021,2.6,0,0.14,0
25/2/2021,2.74,0,0.14,0
26/2/2021,2.88,0,0.14,0
27/2/2021,3,0,0.12,0
28/2/2021,3.06,0,0.06,0
1/3/2021,3.13,0,0.07,0
2/3/2021,3.25,0,0.12,0
3/3/2021,3.33,0,0.08,0
4/3/2021,3.4,0,0.07,0
5/3/2021,3.46,0,0.06,0
6/3/2021,3.51,0,0.05,0
7/3/2021,3.54,0,0.03,0
8/3/2021,3.57,0,0.03,0
9/3/2021,3.62,0,0.05,0
10/3/2021,3.67,0,0.05,0
11/3/2021,3.74,0,0.07,0
12/3/2021,3.82,0,0.08,0
13/3/2021,3.89,0,0.07,0
14/3/2021,3.89,0,0,0
15/3/2021,3.9,0,0.01,0
16/3/2021,4.03,0,0.13,0
17/3/2021,4.12,0,0.09,0
18/3/2021,4.22,0,0.1,0
19/3/2021,4.31,0,0.09,0
20/3/2021,4.4,0,0.09,0
21/3/2021,4.4,0,0,0
22/3/2021,4.51,0,0.11,0
23/3/2021,4.64,0,0.13,0
24/3/2021,4.8,0,0.16,0
25/3/2021,4.8,0,0,0
26/3/2021,5.04,0,0.24,0
27/3/2021,5.25,0,0.21,0
28/3/2021,5.35,0,0.1,0
29/3/2021,5.45,0,0.1,0
30/3/2021,5.63,0,0.18,0
31/3/2021,5.81,0,0.18,0
1/4/2021,5.98,0,0.17,0
2/4/2021,6.15,0,0.17,0
3/4/2021,6.31,0,0.16,0
4/4/2021,6.33,0,0.02,0
5/4/2021,6.35,0,0.02,0
6/4/2021,6.48,0,0.13,0
7/4/2021,6.61,0,0.13,0
8/4/2021,6.75,0,0.14,0
9/4/2021,6.89,0,0.14,0
10/4/2021,7.03,0,0.14,0
11/4/2021,7.09,0,0.06,0
12/4/2021,7.14,0,0.05,0
13/4/2021,7.24,0,0.1,0
14/4/2021,7.32,0,0.08,0
15/4/2021,7.34,0,0.02,0
16/4/2021,7.36,0,0.02,0
17/4/2021,7.37,0,0.01,0
18/4/2021,7.37,0,0,0
19/4/2021,7.39,0,0.02,0
20/4/2021,7.41,0,0.02,0
21/4/2021,7.43,0,0.02,0
22/4/2021,7.51,0,0.08,0
23/4/2021,7.6,0,0.09,0
24/4/2021,7.82,0,0.22,0
25/4/2021,8,0,0.18,0
26/4/2021,8.15,0,0.15,0
27/4/2021,8.44,0,0.29,0
28/4/2021,8.71,0,0.27,0
29/4/2021,9.04,0,0.33,0
30/4/2021,9.04,0,0,0
1/5/2021,9.04,0,0,0
2/5/2021,9.04,0,0,0
3/5/2021,9.05,0,0.01,0
4/5/2021,9.44,0,0.39,0
5/5/2021,9.97,0,0.53,0
6/5/2021,10.53,0,0.56,0
7/5/2021,11.09,0,0.56,0
8/5/2021,11.65,0,0.56,0
9/5/2021,11.95,0,0.3,0
10/5/2021,12.23,0,0.28,0
11/5/2021,12.79,0,0.56,0
12/5/2021,13.33,0,0.54,0
13/5/2021,13.89,0,0.56,0
14/5/2021,14.46,0,0.57,0
15/5/2021,15.01,0,0.55,0
16/5/2021,15.25,0,0.24,0
17/5/2021,15.55,0,0.3,0
18/5/2021,16.01,0,0.46,0
19/5/2021,16.37,0,0.36,0
20/5/2021,16.69,0,0.32,0
21/5/2021,16.93,0,0.24,0
22/5/2021,17.15,0,0.22,0
23/5/2021,17.25,0,0.1,0
24/5/2021,17.36,0,0.11,0
25/5/2021,17.58,0,0.22,0
26/5/2021,18.01,0,0.43,0
27/5/2021,18.42,0,0.41,0
28/5/2021,18.84,0,0.42,0
29/5/2021,19.25,0,0.41,0
30/5/2021,19.55,0,0.3,0
31/5/2021,19.71,0,0.16,0
1/6/2021,20.16,0,0.45,0
2/6/2021,20.64,0,0.48,0
3/6/2021,21.1,0,0.46,0
4/6/2021,21.57,0,0.47,0
5/6/2021,22.07,0,0.5,0
6/6/2021,22.11,0,0.04,0
7/6/2021,22.68,0,0.57,0
8/6/2021,23.32,0,0.64,0
9/6/2021,24,0,0.68,0
10/6/2021,24.72,0,0.72,0
11/6/2021,25.47,0,0.75,0
12/6/2021,26.27,0,0.8,0
13/6/2021,26.32,0,0.05,0
14/6/2021,27.1,0,0.78,0
15/6/2021,27.87,0,0.77,0
16/6/2021,28.54,0,0.67,0
17/6/2021,29.16,0,0.62,0
18/6/2021,29.76,0,0.6,0
19/6/2021,30.36,0,0.6,0
20/6/2021,30.4,0,0.04,0
21/6/2021,30.4,0,0,0
22/6/2021,31.1,0,0.7,0
23/6/2021,31.8,0,0.7,0
24/6/2021,32.46,0,0.66,0
25/6/2021,33.14,0,0.68,0
26/6/2021,33.83,0,0.69,0
27/6/2021,34.38,0,0.55,0
28/6/2021,35.1,0,0.72,0
29/6/2021,35.71,0,0.61,0
30/6/2021,36.27,0,0.56,0
1/7/2021,36.68,0,0.41,0
2/7/2021,37.13,0,0.45,0
3/7/2021,37.5,0,0.37,0
4/7/2021,37.99,0,0.49,0
5/7/2021,38.47,0,0.48,0
6/7/2021,38.85,0,0.38,0
7/7/2021,39.31,0,0.46,0
8/7/2021,39.75,0,0.44,0
9/7/2021,40.23,0,0.48,0
10/7/2021,40.74,0,0.51,0
11/7/2021,40.77,0,0.03,0
12/7/2021,41.47,0,0.7,0
13/7/2021,42.01,0,0.54,0
14/7/2021,42.49,0,0.48,0
15/7/2021,42.95,0,0.46,0
16/7/2021,43.41,0,0.46,0
17/7/2021,43.91,0,0.5,0
18/7/2021,43.95,0,0.04,0
19/7/2021,44.47,0,0.52,0
20/7/2021,44.9,0,0.43,0
21/7/2021,45.33,0,0.43,0
22/7/2021,45.84,0,0.51,0
23/7/2021,46.25,0,0.41,0
24/7/2021,46.73,0,0.48,0
25/7/2021,46.74,0,0.01,0
26/7/2021,47.32,0,0.58,0
27/7/2021,47.81,0,0.49,0
28/7/2021,48.2,0,0.39,0
29/7/2021,48.59,0,0.39,0
30/7/2021,49,0,0.41,0
31/7/2021,49.45,0,0.45,0
1/8/2021,49.47,0,0.02,0
2/8/2021,49.77,0,0.3,0
3/8/2021,50.09,0,0.32,0
4/8/2021,50.38,0,0.29,0
5/8/2021,50.68,0,0.3,0
6/8/2021,50.98,0,0.3,0
7/8/2021,51.32,0,0.34,0
8/8/2021,51.33,0,0.01,0
9/8/2021,51.62,0,0.29,0
10/8/2021,51.86,0,0.24,0
11/8/2021,52.1,0,0.24,0
12/8/2021,52.33,0,0.23,0
13/8/2021,52.54,0,0.21,0
14/8/2021,52.7,0,0.16,0
15/8/2021,52.7,0,0,0
16/8/2021,52.89,0,0.19,0
17/8/2021,53.08,0,0.19,0
18/8/2021,53.27,0,0.19,0
19/8/2021,53.42,0,0.15,0
20/8/2021,53.59,0,0.17,0
21/8/2021,53.75,0,0.16,0
22/8/2021,53.75,0,0,0
23/8/2021,53.95,0,0.2,0
24/8/2021,54.11,0,0.16,0
25/8/2021,54.26,0,0.15,0
26/8/2021,54.4,0,0.14,0
27/8/2021,54.54,0,0.14,0
28/8/2021,54.69,0,0.15,0
29/8/2021,54.69,0,0,0
30/8/2021,54.82,0,0.13,0
31/8/2021,54.93,0,0.11,0
1/9/2021,55.03,0,0.1,0
2/9/2021,55.12,0,0.09,0
3/9/2021,55.21,0,0.09,0
4/9/2021,55.3,0,0.09,0
5/9/2021,55.3,0,0,0
6/9/2021,55.42,0,0.12,0
7/9/2021,55.52,0,0.1,0
8/9/2021,55.62,0,0.1,0
9/9/2021,55.72,0,0.1,0
10/9/2021,55.84,0,0.12,0
11/9/2021,55.96,0,0.12,0
12/9/2021,55.96,0,0,0
13/9/2021,56.08,0,0.12,0
14/9/2021,56.2,0.01,0.12,0.01
15/9/2021,56.36,0.04,0.16,0.03
16/9/2021,56.5,0.07,0.14,0.03
17/9/2021,56.67,0.09,0.17,0.02
18/9/2021,56.86,0.11,0.19,0.02
19/9/2021,56.87,0.11,0.01,0
20/9/2021,57.05,0.13,0.18,0.02
21/9/2021,57.21,0.15,0.16,0.02
22/9/2021,57.39,0.17,0.18,0.02
23/9/2021,57.55,0.19,0.16,0.02
24/9/2021,57.75,0.2,0.2,0.01
25/9/2021,57.96,0.21,0.21,0.01
26/9/2021,57.98,0.21,0.02,0
27/9/2021,58.14,0.22,0.16,0.01
28/9/2021,58.3,0.23,0.16,0.01
29/9/2021,58.47,0.24,0.17,0.01
30/9/2021,58.62,0.29,0.15,0.05
1/10/2021,58.78,0.36,0.16,0.07
2/10/2021,58.96,0.43,0.18,0.07
3/10/2021,58.97,0.43,0.01,0
4/10/2021,59.12,0.53,0.15,0.1
5/10/2021,59.26,0.64,0.14,0.11
6/10/2021,59.39,0.76,0.13,0.12
7/10/2021,59.51,0.87,0.12,0.11
8/10/2021,59.64,0.99,0.13,0.12
9/10/2021,59.77,1.1,0.13,0.11
10/10/2021,59.78,1.1,0.01,0
11/10/2021,59.89,1.24,0.11,0.14
12/10/2021,59.98,1.39,0.09,0.15
13/10/2021,60.07,1.56,0.09,0.17
14/10/2021,60.14,1.7,0.07,0.14
15/10/2021,60.23,1.83,0.09,0.13
16/10/2021,60.32,1.93,0.09,0.1
17/10/2021,60.33,1.94,0.01,0.01
18/10/2021,60.4,2.07,0.07,0.13
19/10/2021,60.46,2.21,0.06,0.14
20/10/2021,60.52,2.35,0.06,0.14
21/10/2021,60.58,2.48,0.06,0.13
22/10/2021,60.65,2.59,0.07,0.11
23/10/2021,60.72,2.69,0.07,0.1
24/10/2021,60.72,2.69,0,0
25/10/2021,60.77,2.81,0.05,0.12
26/10/2021,60.82,2.9,0.05,0.09
27/10/2021,60.87,3.02,0.05,0.12
28/10/2021,60.87,3.02,0,0
29/10/2021,60.96,3.14,0.09,0.12
30/10/2021,61.04,3.26,0.08,0.12
31/10/2021,61.04,3.26,0,0
1/11/2021,61.1,3.41,0.06,0.15
2/11/2021,61.17,3.57,0.07,0.16
3/11/2021,61.23,3.77,0.06,0.2
4/11/2021,61.3,3.95,0.07,0.18
5/11/2021,61.39,4.13,0.09,0.18
6/11/2021,61.47,4.25,0.08,0.12
7/11/2021,61.48,4.26,0.01,0.01
8/11/2021,61.55,4.48,0.07,0.22
9/11/2021,61.62,4.72,0.07,0.24
10/11/2021,61.69,5.05,0.07,0.33
11/11/2021,61.76,5.4,0.07,0.35
12/11/2021,61.85,5.74,0.09,0.34
13/11/2021,61.94,6.02,0.09,0.28
14/11/2021,61.94,6.04,0,0.02
15/11/2021,62.02,6.36,0.08,0.32
16/11/2021,62.1,6.82,0.08,0.46
17/11/2021,62.18,7.26,0.08,0.44
18/11/2021,62.22,7.73,0.04,0.47
19/11/2021,62.31,8.19,0.09,0.46
20/11/2021,62.41,8.59,0.1,0.4
21/11/2021,62.42,8.62,0.01,0.03
22/11/2021,62.5,9.08,0.08,0.46
23/11/2021,62.58,9.63,0.08,0.55
24/11/2021,62.69,10.19,0.11,0.56
25/11/2021,62.8,10.79,0.11,0.6
26/11/2021,62.94,11.37,0.14,0.58
27/11/2021,63.07,11.91,0.13,0.54
28/11/2021,63.08,11.99,0.01,0.08
29/11/2021,63.2,12.57,0.12,0.58
30/11/2021,63.32,13.16,0.12,0.59
1/12/2021,63.45,13.8,0.13,0.64
2/12/2021,63.57,14.45,0.12,0.65
3/12/2021,63.7,15.11,0.13,0.66
4/12/2021,63.84,15.78,0.14,0.67
5/12/2021,63.88,16.29,0.04,0.51
6/12/2021,64.04,17.14,0.16,0.85
7/12/2021,64.19,17.86,0.15,0.72
8/12/2021,64.34,18.68,0.15,0.82
9/12/2021,64.49,19.49,0.15,0.81
10/12/2021,64.65,20.3,0.16,0.81
11/12/2021,64.82,21.09,0.17,0.79
12/12/2021,64.87,21.71,0.05,0.62
13/12/2021,64.99,22.4,0.12,0.69
14/12/2021,65.13,23.23,0.14,0.83
15/12/2021,65.29,24.05,0.16,0.82
16/12/2021,65.45,24.87,0.16,0.82
17/12/2021,65.62,25.66,0.17,0.79
18/12/2021,65.78,26.45,0.16,0.79
19/12/2021,65.85,27.13,0.07,0.68
20/12/2021,65.96,27.89,0.11,0.76
21/12/2021,66.09,28.7,0.13,0.81
22/12/2021,66.26,29.49,0.17,0.79
23/12/2021,66.4,30.24,0.14,0.75
24/12/2021,66.52,30.78,0.12,0.54
25/12/2021,66.52,30.79,0,0.01
26/12/2021,66.52,30.79,0,0
27/12/2021,66.85,31.17,0.33,0.38
28/12/2021,67.08,31.87,0.23,0.7
29/12/2021,67.21,32.61,0.13,0.74
30/12/2021,67.32,33.31,0.11,0.7
31/12/2021,67.41,33.8,0.09,0.49