﻿Date,people_fully_vaccinated_per_hundred,total_boosters_per_hundred,daily_vaccinated_per_hundred,daily_boosters_per_hundred
17/1/2021,0,0,0,0
18/1/2021,0.02,0,0.02,0
19/1/2021,0.03,0,0.01,0
20/1/2021,0.05,0,0.02,0
21/1/2021,0.05,0,0,0
22/1/2021,0.06,0,0.01,0
23/1/2021,0.06,0,0,0
24/1/2021,0.06,0,0,0
25/1/2021,0.06,0,0,0
26/1/2021,0.07,0,0.01,0
27/1/2021,0.08,0,0.01,0
28/1/2021,0.11,0,0.03,0
29/1/2021,0.22,0,0.11,0
30/1/2021,0.24,0,0.02,0
31/1/2021,0.25,0,0.01,0
1/2/2021,0.29,0,0.04,0
2/2/2021,0.46,0,0.17,0
3/2/2021,0.63,0,0.17,0
4/2/2021,0.83,0,0.2,0
5/2/2021,1.03,0,0.2,0
6/2/2021,1.1,0,0.07,0
7/2/2021,1.15,0,0.05,0
8/2/2021,1.24,0,0.09,0
9/2/2021,1.43,0,0.19,0
10/2/2021,1.64,0,0.21,0
11/2/2021,1.86,0,0.22,0
12/2/2021,2.07,0,0.21,0
13/2/2021,2.13,0,0.06,0
14/2/2021,2.14,0,0.01,0
15/2/2021,2.18,0,0.04,0
16/2/2021,2.27,0,0.09,0
17/2/2021,2.38,0,0.11,0
18/2/2021,2.47,0,0.09,0
19/2/2021,2.57,0,0.1,0
20/2/2021,2.59,0,0.02,0
21/2/2021,2.59,0,0,0
22/2/2021,2.61,0,0.02,0
23/2/2021,2.66,0,0.05,0
24/2/2021,2.7,0,0.04,0
25/2/2021,2.75,0,0.05,0
26/2/2021,2.8,0,0.05,0
27/2/2021,2.83,0,0.03,0
28/2/2021,2.83,0,0,0
1/3/2021,2.84,0,0.01,0
2/3/2021,2.87,0,0.03,0
3/3/2021,2.9,0,0.03,0
4/3/2021,2.93,0,0.03,0
5/3/2021,2.97,0,0.04,0
6/3/2021,2.99,0,0.02,0
7/3/2021,3,0,0.01,0
8/3/2021,3.02,0,0.02,0
9/3/2021,3.06,0,0.04,0
10/3/2021,3.11,0,0.05,0
11/3/2021,3.17,0,0.06,0
12/3/2021,3.24,0,0.07,0
13/3/2021,3.3,0,0.06,0
14/3/2021,3.35,0,0.05,0
15/3/2021,3.38,0,0.03,0
16/3/2021,3.45,0,0.07,0
17/3/2021,3.54,0,0.09,0
18/3/2021,3.64,0,0.1,0
19/3/2021,3.74,0,0.1,0
20/3/2021,3.85,0,0.11,0
21/3/2021,3.89,0,0.04,0
22/3/2021,3.92,0,0.03,0
23/3/2021,4.11,0,0.19,0
24/3/2021,4.32,0,0.21,0
25/3/2021,4.51,0,0.19,0
26/3/2021,4.72,0,0.21,0
27/3/2021,4.89,0,0.17,0
28/3/2021,4.94,0,0.05,0
29/3/2021,5.01,0,0.07,0
30/3/2021,5.14,0,0.13,0
31/3/2021,5.29,0,0.15,0
1/4/2021,5.51,0,0.22,0
2/4/2021,5.73,0,0.22,0
3/4/2021,5.84,0,0.11,0
4/4/2021,5.86,0,0.02,0
5/4/2021,5.91,0,0.05,0
6/4/2021,6.05,0,0.14,0
7/4/2021,6.23,0,0.18,0
8/4/2021,6.53,0,0.3,0
9/4/2021,6.91,0,0.38,0
10/4/2021,7.24,0,0.33,0
11/4/2021,7.41,0,0.17,0
12/4/2021,7.5,0,0.09,0
13/4/2021,7.63,0,0.13,0
14/4/2021,7.79,0,0.16,0
15/4/2021,8.01,0,0.22,0
16/4/2021,8.22,0,0.21,0
17/4/2021,8.47,0,0.25,0
18/4/2021,8.52,0,0.05,0
19/4/2021,8.59,0,0.07,0
20/4/2021,8.73,0,0.14,0
21/4/2021,8.86,0,0.13,0
22/4/2021,8.98,0,0.12,0
23/4/2021,9.11,0,0.13,0
24/4/2021,9.18,0,0.07,0
25/4/2021,9.2,0,0.02,0
26/4/2021,9.24,0,0.04,0
27/4/2021,9.37,0,0.13,0
28/4/2021,9.54,0,0.17,0
29/4/2021,9.71,0,0.17,0
30/4/2021,9.87,0,0.16,0
1/5/2021,9.96,0,0.09,0
2/5/2021,9.98,0,0.02,0
3/5/2021,10.12,0,0.14,0
4/5/2021,10.37,0,0.25,0
5/5/2021,10.58,0,0.21,0
6/5/2021,10.82,0,0.24,0
7/5/2021,11.09,0,0.27,0
8/5/2021,11.31,0,0.22,0
9/5/2021,11.38,0,0.07,0
10/5/2021,11.51,0,0.13,0
11/5/2021,11.72,0,0.21,0
12/5/2021,11.99,0,0.27,0
13/5/2021,12.09,0,0.1,0
14/5/2021,12.37,0,0.28,0
15/5/2021,12.57,0,0.2,0
16/5/2021,12.65,0,0.08,0
17/5/2021,12.86,0,0.21,0
18/5/2021,13.18,0,0.32,0
19/5/2021,13.57,0,0.39,0
20/5/2021,13.99,0,0.42,0
21/5/2021,14.46,0,0.47,0
22/5/2021,14.69,0,0.23,0
23/5/2021,14.83,0,0.14,0
24/5/2021,14.98,0,0.15,0
25/5/2021,15.19,0,0.21,0
26/5/2021,15.72,0,0.53,0
27/5/2021,16.26,0,0.54,0
28/5/2021,16.91,0.01,0.65,0.01
29/5/2021,17.34,0.01,0.43,0
30/5/2021,17.61,0.01,0.27,0
31/5/2021,17.9,0.01,0.29,0
1/6/2021,18.37,0.01,0.47,0
2/6/2021,19.2,0.01,0.83,0
3/6/2021,19.64,0.01,0.44,0
4/6/2021,20.22,0.01,0.58,0
5/6/2021,20.56,0.01,0.34,0
6/6/2021,20.9,0.01,0.34,0
7/6/2021,21.3,0.01,0.4,0
8/6/2021,21.83,0.01,0.53,0
9/6/2021,22.5,0.01,0.67,0
10/6/2021,23.34,0.01,0.84,0
11/6/2021,24.25,0.01,0.91,0
12/6/2021,24.73,0.01,0.48,0
13/6/2021,24.97,0.01,0.24,0
14/6/2021,25.33,0.01,0.36,0
15/6/2021,25.81,0.01,0.48,0
16/6/2021,26.64,0.01,0.83,0
17/6/2021,27.51,0.01,0.87,0
18/6/2021,28.36,0.01,0.85,0
19/6/2021,28.78,0.01,0.42,0
20/6/2021,28.98,0.01,0.2,0
21/6/2021,29.36,0.01,0.38,0
22/6/2021,30.03,0.01,0.67,0
23/6/2021,30.91,0.01,0.88,0
24/6/2021,31.81,0.01,0.9,0
25/6/2021,32.82,0.01,1.01,0
26/6/2021,33.4,0.01,0.58,0
27/6/2021,33.62,0.01,0.22,0
28/6/2021,34.06,0.01,0.44,0
29/6/2021,34.79,0.01,0.73,0
30/6/2021,35.75,0.01,0.96,0
1/7/2021,36.77,0.01,1.02,0
2/7/2021,37.79,0.02,1.02,0.01
3/7/2021,38.37,0.02,0.58,0
4/7/2021,38.67,0.02,0.3,0
5/7/2021,39.04,0.02,0.37,0
6/7/2021,39.7,0.02,0.66,0
7/7/2021,40.51,0.02,0.81,0
8/7/2021,41.35,0.02,0.84,0
9/7/2021,42.14,0.02,0.79,0
10/7/2021,42.61,0.02,0.47,0
11/7/2021,42.86,0.02,0.25,0
12/7/2021,43.19,0.02,0.33,0
13/7/2021,43.83,0.02,0.64,0
14/7/2021,44.59,0.02,0.76,0
15/7/2021,45.14,0.03,0.55,0.01
16/7/2021,45.89,0.03,0.75,0
17/7/2021,46.35,0.03,0.46,0
18/7/2021,46.6,0.03,0.25,0
19/7/2021,46.85,0.03,0.25,0
20/7/2021,47.26,0.03,0.41,0
21/7/2021,47.92,0.03,0.66,0
22/7/2021,48.54,0.03,0.62,0
23/7/2021,49.19,0.03,0.65,0
24/7/2021,49.68,0.03,0.49,0
25/7/2021,49.94,0.03,0.26,0
26/7/2021,50.21,0.03,0.27,0
27/7/2021,50.75,0.03,0.54,0
28/7/2021,51.31,0.03,0.56,0
29/7/2021,51.74,0.04,0.43,0.01
30/7/2021,52.28,0.04,0.54,0
31/7/2021,52.63,0.04,0.35,0
1/8/2021,52.92,0.04,0.29,0
2/8/2021,53.19,0.04,0.27,0
3/8/2021,53.65,0.04,0.46,0
4/8/2021,54.08,0.04,0.43,0
5/8/2021,54.46,0.04,0.38,0
6/8/2021,54.91,0.04,0.45,0
7/8/2021,55.2,0.04,0.29,0
8/8/2021,55.45,0.04,0.25,0
9/8/2021,55.6,0.05,0.15,0.01
10/8/2021,56.01,0.05,0.41,0
11/8/2021,56.39,0.05,0.38,0
12/8/2021,56.68,0.05,0.29,0
13/8/2021,56.93,0.05,0.25,0
14/8/2021,57.1,0.05,0.17,0
15/8/2021,57.19,0.05,0.09,0
16/8/2021,57.42,0.05,0.23,0
17/8/2021,57.65,0.06,0.23,0.01
18/8/2021,57.88,0.06,0.23,0
19/8/2021,58.1,0.06,0.22,0
20/8/2021,58.33,0.06,0.23,0
21/8/2021,58.47,0.06,0.14,0
22/8/2021,58.53,0.06,0.06,0
23/8/2021,58.6,0.06,0.07,0
24/8/2021,58.74,0.07,0.14,0.01
25/8/2021,58.85,0.07,0.11,0
26/8/2021,59.02,0.07,0.17,0
27/8/2021,59.16,0.08,0.14,0.01
28/8/2021,59.22,0.08,0.06,0
29/8/2021,59.25,0.08,0.03,0
30/8/2021,59.32,0.08,0.07,0
31/8/2021,59.43,0.08,0.11,0
1/9/2021,59.52,0.09,0.09,0.01
2/9/2021,59.63,0.1,0.11,0.01
3/9/2021,59.73,0.11,0.1,0.01
4/9/2021,59.83,0.12,0.1,0.01
5/9/2021,59.84,0.12,0.01,0
6/9/2021,59.89,0.13,0.05,0.01
7/9/2021,59.97,0.14,0.08,0.01
8/9/2021,60.06,0.15,0.09,0.01
9/9/2021,60.15,0.17,0.09,0.02
10/9/2021,60.26,0.18,0.11,0.01
11/9/2021,60.35,0.19,0.09,0.01
12/9/2021,60.37,0.19,0.02,0
13/9/2021,60.42,0.2,0.05,0.01
14/9/2021,60.52,0.22,0.1,0.02
15/9/2021,60.61,0.26,0.09,0.04
16/9/2021,60.7,0.29,0.09,0.03
17/9/2021,60.81,0.32,0.11,0.03
18/9/2021,60.88,0.33,0.07,0.01
19/9/2021,60.91,0.34,0.03,0.01
20/9/2021,60.96,0.36,0.05,0.02
21/9/2021,61.07,0.41,0.11,0.05
22/9/2021,61.16,0.48,0.09,0.07
23/9/2021,61.25,0.53,0.09,0.05
24/9/2021,61.37,0.57,0.12,0.04
25/9/2021,61.44,0.59,0.07,0.02
26/9/2021,61.45,0.6,0.01,0.01
27/9/2021,61.5,0.63,0.05,0.03
28/9/2021,61.6,0.68,0.1,0.05
29/9/2021,61.68,0.77,0.08,0.09
30/9/2021,61.76,0.87,0.08,0.1
1/10/2021,61.88,0.93,0.12,0.06
2/10/2021,61.94,0.96,0.06,0.03
3/10/2021,61.96,0.96,0.02,0
4/10/2021,62.01,1.02,0.05,0.06
5/10/2021,62.11,1.13,0.1,0.11
6/10/2021,62.21,1.3,0.1,0.17
7/10/2021,62.29,1.43,0.08,0.13
8/10/2021,62.44,1.58,0.15,0.15
9/10/2021,62.49,1.64,0.05,0.06
10/10/2021,62.5,1.64,0.01,0
11/10/2021,62.56,1.72,0.06,0.08
12/10/2021,62.65,1.83,0.09,0.11
13/10/2021,62.74,1.99,0.09,0.16
14/10/2021,62.84,2.14,0.1,0.15
15/10/2021,62.97,2.28,0.13,0.14
16/10/2021,63.03,2.31,0.06,0.03
17/10/2021,63.04,2.32,0.01,0.01
18/10/2021,63.09,2.42,0.05,0.1
19/10/2021,63.18,2.57,0.09,0.15
20/10/2021,63.28,2.76,0.1,0.19
21/10/2021,63.38,2.94,0.1,0.18
22/10/2021,63.5,3.11,0.12,0.17
23/10/2021,63.56,3.16,0.06,0.05
24/10/2021,63.58,3.17,0.02,0.01
25/10/2021,63.64,3.24,0.06,0.07
26/10/2021,63.67,3.26,0.03,0.02
27/10/2021,63.78,3.42,0.11,0.16
28/10/2021,63.87,3.57,0.09,0.15
29/10/2021,63.99,3.72,0.12,0.15
30/10/2021,64.04,3.78,0.05,0.06
31/10/2021,64.06,3.79,0.02,0.01
1/11/2021,64.07,3.81,0.01,0.02
2/11/2021,64.16,3.96,0.09,0.15
3/11/2021,64.27,4.25,0.11,0.29
4/11/2021,64.38,4.57,0.11,0.32
5/11/2021,64.51,4.99,0.13,0.42
6/11/2021,64.58,5.23,0.07,0.24
7/11/2021,64.61,5.36,0.03,0.13
8/11/2021,64.69,5.68,0.08,0.32
9/11/2021,64.8,6.12,0.11,0.44
10/11/2021,64.92,6.65,0.12,0.53
11/11/2021,65.06,7.25,0.14,0.6
12/11/2021,65.24,7.96,0.18,0.71
13/11/2021,65.35,8.38,0.11,0.42
14/11/2021,65.41,8.66,0.06,0.28
15/11/2021,65.52,9.19,0.11,0.53
16/11/2021,65.66,9.9,0.14,0.71
17/11/2021,65.81,10.78,0.15,0.88
18/11/2021,65.99,11.79,0.18,1.01
19/11/2021,66.22,12.95,0.23,1.16
20/11/2021,66.36,13.66,0.14,0.71
21/11/2021,66.43,14.16,0.07,0.5
22/11/2021,66.53,14.95,0.1,0.79
23/11/2021,66.69,15.94,0.16,0.99
24/11/2021,66.86,17.11,0.17,1.17
25/11/2021,67.05,18.29,0.19,1.18
26/11/2021,67.3,19.64,0.25,1.35
27/11/2021,67.45,20.5,0.15,0.86
28/11/2021,67.53,20.96,0.08,0.46
29/11/2021,67.66,21.74,0.13,0.78
31/12/2021,67.86,22.65,0.2,0.91
1/12/2021,68.07,23.75,0.21,1.1
2/12/2021,68.31,24.89,0.24,1.14
3/12/2021,68.62,26.2,0.31,1.31
4/12/2021,68.82,26.95,0.2,0.75
5/12/2021,68.92,27.3,0.1,0.35
6/12/2021,69.11,28.03,0.19,0.73
7/12/2021,69.37,29.04,0.26,1.01
8/12/2021,69.48,29.51,0.11,0.47
9/12/2021,69.73,30.51,0.25,1
10/12/2021,70.08,31.74,0.35,1.23
11/12/2021,70.28,32.39,0.2,0.65
12/12/2021,70.39,32.68,0.11,0.29
13/12/2021,70.58,33.32,0.19,0.64
14/12/2021,70.8,34.14,0.22,0.82
15/12/2021,71.05,35.1,0.25,0.96
16/12/2021,71.29,36.1,0.24,1
17/12/2021,71.61,37.12,0.32,1.02
18/12/2021,71.81,37.69,0.2,0.57
19/12/2021,71.92,38.01,0.11,0.32
20/12/2021,72.12,38.65,0.2,0.64
21/12/2021,72.36,39.28,0.24,0.63
22/12/2021,72.58,39.87,0.22,0.59
23/12/2021,72.73,40.19,0.15,0.32
24/12/2021,72.75,40.24,0.02,0.05
25/12/2021,72.77,40.26,0.02,0.02
26/12/2021,72.82,40.36,0.05,0.1
27/12/2021,73.01,40.74,0.19,0.38
28/12/2021,73.21,41.1,0.2,0.36
29/12/2021,73.38,41.46,0.17,0.36
30/12/2021,73.51,41.7,0.13,0.24
31/12/2021,73.54,41.77,,